Case#1: 48852, 8142.0, 24426.0
Case#2: 59073, 9845.5, 29536.5
Case#3: 49239, 8206.5, 24619.5
Case#4: 50856, 8476.0, 25428.0
Case#5: 81870, 13645.0, 40935.0
Case#6: 70077, 11679.5, 35038.5
Case#7: 174579, 29096.5, 87289.5
Case#8: 11163, 1860.5, 5581.5
Case#9: 258636, 43106.0, 129318.0
Case#10: 262911, 43818.5, 131455.5
Case#11: 403467, 67244.5, 201733.5
Case#12: 55449, 9241.5, 27724.5
Case#13: 204042, 34007.0, 102021.0
Case#14: 189432, 31572.0, 94716.0
Case#15: 179013, 29835.5, 89506.5
Case#16: 105591, 17598.5, 52795.5
Case#17: 119814, 19969.0, 59907.0
Case#18: 146973, 24495.5, 73486.5
Case#19: 137985, 22997.5, 68992.5
Case#20: 191676, 31946.0, 95838.0
Case#21: 397446, 66241.0, 198723.0
Case#22: 239631, 39938.5, 119815.5
Case#23: 246636, 41106.0, 123318.0
Case#24: 246822, 41137.0, 123411.0
Case#25: 178668, 29778.0, 89334.0
